 &GUD_TRAITS
 ksatPO4(9)= 0.02916666666666666666666666,  ! 0.035/1.2
 ksatNO3(9)= 0.4666666666666666666666666,
 ksatNO2(9)= 0.4666666666666666666666666,
 ksatNH4(9)= 0.2333333333333333333333333,
 ksatFeT(9)= 0.02916666666666666666666666E-3,
 morttempfuncmin(10)=1.0,
 morttempfuncmin(11)=1.0,
 mort2tempfuncmin(10)=1.0,
 mort2tempfuncmin(11)=1.0,
 /
