 &GUD_TRAITS
#          Diat L  S  P az coc Z1 Z2
 PHYSIZE=    1, 1, 0, 0, 1, 1, 0, 1,
 DIACOC=     1, 0, 0, 0, 0, 2,
 DIAZOTROPH= 0, 0, 0, 0, 1, 0,
 NSOURCE=    3, 3, 3, 1, 0, 3,
# custom traits
 WSINK=    3.3890872591333924E-6, 4.0969084744452426E-6, 7.7030921312763254E-7, 3.7487357222755567E-7, 0.0,                   2.2729022865502444E-6,
 KSATPO4=  1.8106480433972429E-2, 7.8156569812364053E-3, 9.4605751705756857E-4, 2.5976652353707825E-4, 1.3613256408581654E-3, 6.6749459724667476E-3,
 KSATNO3=  0.28970368694355886,   0.12505051169978249,   1.5136920272921097E-2, 4.1562643765932520E-3, 5.4453025634326614E-2, 0.10679913555946796,
 KSATNO2=  0.28970368694355886,   0.12505051169978249,   1.5136920272921097E-2, 4.1562643765932520E-3, 5.4453025634326614E-2, 0.10679913555946796,
 KSATNH4=  0.14485184347177943,   6.2525255849891243E-2, 7.5684601364605485E-3, 2.0781321882966260E-3, 2.7226512817163307E-2, 5.3399567779733981E-2,
 KSATFET=  1.8106480433972430E-5, 7.8156569812364053E-6, 9.4605751705756858E-7, 2.5976652353707828E-7, 5.4453025634326613E-6, 6.6749459724667479E-6,
 PCMAX=    3.7523836365756104E-5, 9.0503726113718886E-6, 9.8655512623975749E-6, 6.9554617023471945E-6, 3.6201490445487557E-6, 1.8544759988642104E-5,
 MQYIELD=  6*5E-5,
 CHL2CMAX= 6*0.3,
# modify diaz palat
 palat(5,7)= 0.1350,
 palat(5,8)= 0.675,
# turn mortality temperature functions on
 morttempfuncmin= 8*0.0,
 mort2tempfuncmin= 8*0.0,
 /
